Ordre_inverse = [9.787000 , 38.979000 , 157.157000 , 627.971000 , 2527.851000 , 10451.672 , 43897.022 , 182172.643 , 769679.415 , 3087953.419 , 12870591.520 , 52923872.330 , 22228026.318 ]

Ordre = [ 15.067000 , 59.997000 , 243.606000 , 962.812000 , 3864.314000 , 15379.962000 , 61519.878 , 243618.724 , 979347.255 , 3917389.023 , 15638216.980 , 60926493.360 , 243705973.410  ]

aléatoire = [ 0.015000 , 0.033000 , 0.062000 , 0.132000 , 0.325000 , 2.700000 , 9.100000 , 32.848000 , 124.024000 , 458.888000 , 1762.132992 , 4933.971000 , 15788.716 ]
