name = 'tri par insertion'
inverse = [3.934 , 17.157 , 62.752 , 267.088 , 1116.756 , 4690.376]
sorted = [0.000225 , 0.000450 , 0.000976 , 0.001883 , 0.004083 , 0.008165]
aleatoire = [0.002001 , 0.004507 , 0.008967 , 0.019399 , 0.043008 , 0.086016]

name = 'tri a bulles'
inversed_results = [10.792 , 51.536 , 178.093 , 816.742 ,  2751.297 , 11968.141]
sorted_results = [6.344 , 25.352 , 101.355 , 415.429 , 1703.258 , 7153.687]
random_results = [14.629 , 60.693 , 248.038 , 998.726 , 4125.610 , 16915.001]

name = 'tri fusion'
inversed_results = [0.009 , 0.019 , 0.040 , 0.101 , 0.203 , 0.368]
sorted_results = [0.010 , 0.020 ,  0.042 , 0.088 ,  0.190 , 0.492]
random_results = [0.029 , 0.043 , 0.072 , 0.129 , 0.270 , 0.578]

name = 'tri rapide'
inversed_results = [9.787 , 38.979 , 157.157 , 627.971 , 2527.851 , 10451.672]
sorted_results = [15.067 , 59.997 , 243.606 , 962.812 , 3864.314 , 15379.962]
random_results = [0.015 , 0.033 , 0.062 , 0.132 , 0.325 , 2.700]

name = 'tri par tas'
inversed_results = [0.013019 , 0.030760 , 0.056678 , 0.117674 , 0.251907 , 5.836609]
sorted_results = [0.000515 , 0.001030 , 0.002083 , 0.004566 , 0.008513 , 0.165864]
random_results = [0.008536 , 0.011043 , 0.021991 , 0.045623 , 0.045623 , 0.092964]
