inversed = [5.308000, 21.059000, 87.593000, 342.122000, ]
sorted = [4.813000, 19.649000, 79.942000, 318.696000, ]
random = [5.025000, 20.328000, 81.150000, 292.308000, ]
